                                                                                                    
                                                                                                    
                                                                                                    
                                                                                                    
                                                                                                    
                                                                                                    
                                                                                                    
                                                                                                    
                                                                                                    
                                                           1111                                     
                                                     11111111111                                    
                                                  11111111111111                                    
                                                11111111111111111                                   
                                              11111111111111    1                                   
                                             1111111111111                                          
                                            11111111111111                                          
                                  11111111111111111111111111111                                     
                                111111111111111111111111111111111111                                
                               11111111111111111111111111111111111111                               
                              111111111111111111111111111111111111111                               
                             1111111111111111111111111111111111111111                               
                         111111111111111111111111111111111111111111111                              
                       11111111111111111111111111111111111111111111111                              
                     11111111111111111111111111111111111111111111111111                             
                   11111111111111111111111111111111111111111111111111111                            
                   111111111111111111111111111111111111111111111111111111                           
                  111111111111111111111111111111111111111111111111111111111                         
                  11111111111111111111111111111111111111111111111111111111111                       
                 111111111111111111111111       111111111111111        1111111                      
                111111111111111111111               1111111                111                      
                111111111111111111111                11111                  11                      
                11111111111111111111                  1111                  111                     
               11111111111111111111                   111                                           
             111111111111111111111             11111   11          11111     222222                 
             111111111111111111111            11111111 11         11111111  2      2                
             111111111111111111111            11111111  1         11111111 2  11111 2               
            1111111111111111111111            111  111  1         111  111 2  11111 2               
            1111111111111111111111            11    11  1         11    11 2  111111 2              
           11111111111111111111111                  1   1               1  2  111111 2              
           11111111111111111111111                      1                 2   111111 2              
           111111111111111111111111                    11                2   11111111 2             
           1111111111111111111111111                   11               2   111111111 2             
          111111111111111111111111111                 1111             2    111111111 2             
         1111111111111111111111111111                111111           2     1111111111 2            
         111111111111        1111111111            1111111111        2     11111111111 2            
        111111111               111111111           111    1   222222  1111111111111111 2           
        111111111                 11111111          11     1  2       11111111111111111 2           
       1111111111                  11111111111111            2  11111111111111111111111 2           
       111111111             2     1111111111111            2   11111111111111111111111 2           
       111111111             2     11111111111             2     1111111111111111111111 2           
       111111111             2     1111111111             2       111111       11111111 2           
       111111111             2    11111111111            2        111111         111111 2           
       111111111             2    11111111111           2      1111111            11111 2           
        11111111             2   1111111111111111111111 2 111111111111            11111 2           
        111111111            2   11111111111111111111111   11111111111            11111 2           
         11111111            2   1111111111111111111           1111111            11111 2           
         111111111          2   11111111111                      1111111         111111 2           
         1111111111        2   111111111111                      1111111         11111  2           
         111111111111      2 11111111111111                      11111111       111111  2           
         11111111111111111 22 11111111111111                    11111111    111111111  2            
         111111111111111111 2 111111111111111                 111111111    111111111  2             
          11111111111111111 22 11111111111111111            1111111111     111111111  2             
           11111111111111111 2 1111111111111111111    1111111111111111    1111111111  2             
            1111111111111111 22 111111111111111111    111111111111111    1111111111  2              
             1111111111111111 2 111111111111111111    11111111111111    11111111111  2              
              111111111111111 22 11111111111111111    1111111111111    1111111111    2              
               111111111111111 22 1111111111111111    111111111111    1111111111     2              
                  1111111111111 2  111111111111111    11111111111    111111111       2              
                   111111111111  2  11111111111111    1111111111    111111111        2              
                   1111111111111  2  1111111111111    111111111    11111111          2              
                    1111111111111  2                              111111111          2              
                    11111111111     222222222222222222222222222   111111111          2              
                   11111111111                                 2  11111111111        2              
                   1111111111            111111111111111111111 2  111111111111       2              
                  1111111111      1111111111111111111111111111  2 111111111111       2              
                 1111111111      111111111111111111111111111111 2  111111111111      2              
                 111111111      1111111111111111111111111111111 2  1111111111111     2              
                1111111111     11111111111111111111111111111111  2  1111111111111    2              
               1111111111     1111111111111111111111111111111111 2  1111111111111    2              
               111111111     111111111111111       1111111111111  2 11111111111111   2              
              1111111111     111111111111111       11111111111111 2  1111111111111   2              
              111111111     1111111111111111       11111111111111 2  1111111111111   2              
             1111111111    11111111111111111       11111111111111  2 11111111111111  2              
             1111111111    11111111111111111  1 1  111111111111111 2 11111111111111  2              
            1111111111    1111111111111111111111111111111111111111 2  1111111111111  2              
            1111111111    1111111111111111111111111111111111111111 2  11111111111111 2              
           1111111111    11111111111111111111111111111111111111111  2  1111111111111 2              
           1111111111    111111111111111111111111111111111111111111 2  1111111111111 2              
                                                                     2              22              
                                                                      22222222222222                
                                                                                                    
                                                                                                    
                                                                                                    
                                                                                                    
                                                                                                    
                                                                                                    
                                                                                                    
                                                                                                    
                                                                                                    
                                                                                                    
